503.7327049     0.857322
504.3985771     0.860059
505.7579391     0.858626
506.5953274     0.860655
507.2900348     0.860716
568.3856447     0.877339
568.7506546     0.874142
569.2423845     0.873145
569.8189516     0.874756
569.9315204     0.875166
570.0722626     0.873771
571.9545079     0.875663
573.7650424     0.873887 
574.5802334     0.875295
587.0639512     0.888441
587.6150400     0.888027
587.6440592     0.887895
588.1884307     0.885943
588.3917920     0.874548
588.5952233     0.868591
588.6315576     0.885146
588.6678948     0.888700
588.7187691     0.876139
588.7623804     0.880804
588.8714210     0.881950
588.9659396     0.874110
589.0095689     0.874930
589.2423123     0.878877
589.3005126     0.886374
589.3514419     0.882905
589.4387604     0.887164
589.6498336     0.882871
589.6862339     0.883105
589.7444772     0.887180 
589.8172906     0.865380
589.8973950     0.881819
590.1450604     0.854086
590.2106368     0.885609
590.3563866     0.887178
590.5313345     0.888095
590.7282125     0.888373
590.7865598     0.887070
590.8230290     0.886316
590.8959754     0.879814
591.0783803     0.880513
591.2681413     0.889471
591.2973414     0.878952
591.4214540     0.884663
591.4944744     0.886351
591.5455936     0.884278
591.5602007     0.886446
591.8450971     0.875094
591.9035543     0.861708
591.9620166     0.855380
592.0570320     0.882683
592.2544189     0.881917
592.3641064     0.877629
592.4299287     0.873189
592.8250174     0.882759
593.2057210     0.873051
593.2789623     0.878537
593.5793425     0.887361
593.8065593     0.887592
593.9971960     0.889425
594.0411982     0.881522
594.1072074     0.858195 
594.2392469     0.877279
594.2539199     0.865352
594.4300226     0.879392
594.5254329     0.888413
594.5988361     0.863561
594.6869324     0.881330
594.7089585     0.874046
594.9145742     0.872176
594.9806804     0.884225 
595.0321005     0.886885
595.1496509     0.884604
595.4950870     0.879185
595.6347894     0.886092
595.6789115     0.888551
595.7892338     0.870080
595.8260129     0.880755
595.8627930     0.876332
596.2454490     0.886002
596.6651801     0.880334
596.7830523     0.876391
596.8272604     0.872627
596.9009476     0.887620
597.0041258     0.884763
597.1368091     0.880792
597.5129059     0.880744
597.6530802     0.889482
597.7047323     0.880202
597.7785284     0.885472
598.5243777     0.885902
598.8569862     0.888217
598.9309243     0.887660
599.0862235     0.885596
599.1971766     0.887150
599.9744244     0.888395
602.6394929     0.894297
627.6831658     0.774047
627.8071654     0.676395
627.8846785     0.762087
627.9079342     0.711925
627.9932112     0.799670
628.0397317     0.701201
628.1172728     0.743004
628.1948239     0.742440
628.2723839     0.786008
628.3809847     0.805398
628.4508088     0.869079
628.5827203     0.900487
628.7767590     0.826166
628.9397980     0.796199
629.0252160     0.800294
629.2193906     0.802495
629.2970777     0.725910
629.5146510     0.771693
629.5923741     0.769777
629.8489289     0.791219
629.9189170     0.802082
630.1989455     0.753350
630.2767525     0.743979
630.5802947     0.785374
630.6581497     0.781034
630.9852445     0.842135
631.0631495     0.809696
631.4216358     0.848588
631.4995938     0.850181
631.9597457     0.868082
632.3733892     0.886082
632.4436572     0.897229
632.8888702     0.900666
632.9591952     0.904675
633.4360516     0.906463
633.5064376     0.906140
634.2420502     0.907933
635.0725952     0.909809
645.8894272     0.913731
645.9691716     0.917579 
646.1845325     0.917781
646.3441045     0.918387
646.4398666     0.911949
646.6234511     0.919071
646.6713512     0.917812
646.7591775     0.917839
646.7911178     0.918209
646.9348660     0.916229
646.9668144     0.913156
646.9987638     0.914927
647.2464300     0.907365
647.3183506     0.905808
647.5821284     0.875893
647.7020630     0.914979
647.9180017     0.911331
647.9499981     0.917567
647.9979972     0.917220
648.0059970     0.886923
648.1660188     0.919714
648.3260806     0.892141
648.5582410     0.918949
648.6783565     0.905529
648.9106419     0.914731
649.0789014     0.882569
649.2872822     0.902832
649.4396031     0.919590
649.5839401     0.890921
650.4185149     0.918421
650.8603107     0.909577
651.1978835     0.916008
651.2220020     0.919574
651.4310716     0.919906
651.4712847     0.883517
651.5838953     0.911841
651.6562978     0.888183
651.7126166     0.914304
651.8011277     0.912316
651.9459896     0.906113
652.3807683     0.907816
652.3888221     0.912498
653.2350657     0.897377
653.4044459     0.917649
653.6707041     0.918694
654.3893341     0.883944
654.7691545     0.911239
654.8580805     0.906322
655.2624414     0.890511
655.3757068     0.917603
655.7156220     0.910277
656.4202918     0.907139
657.2068514     0.906878
657.4827760     0.897950
658.6526821     0.919075
686.7188858     0.277038
686.7527986     0.269599
686.8206293     0.207792
686.8545481     0.230998
686.8884680     0.176757
686.8969477     0.468798
686.9902374     0.042584
687.0920219     0.159624
687.1259528     0.104271
687.2277572     0.227580
687.2871502     0.168881
687.3804930     0.094061
687.4653600     0.057680
687.5587268     0.074294
687.6690849     0.134975
687.7624797     0.127761
687.9068407     0.283105
687.9917727     0.317363
688.3825981     0.176060
688.5780932     0.267732
688.6716109     0.162206
688.8927032     0.117092
688.9862629     0.196656
689.2329832     0.225772
689.3265889     0.212713
689.6074849     0.265194
689.6926269     0.183717
689.9907093     0.308531
690.0844180     0.136513
690.4082395     0.266855
690.8516096     0.216795
690.9454362     0.301450
691.3208687     0.296774
691.4062227     0.326296
691.8075272     0.577687
691.9014838     0.401093
692.3287172     0.495194
692.4141961     0.529801
692.8759623     0.736043
692.9615082     0.672181
693.4407616     0.765668
693.5263774     0.762020
693.7661576     0.893221
693.8261154     0.918180
693.9631823     0.884571
694.0145884     0.881684
694.0402935     0.873106
694.1259833     0.864354
694.2116841     0.893788
694.3831168     0.864031
694.6574966     0.902908
694.7518391     0.825027
694.9062473     0.896040
695.0778509     0.912665
695.3610904     0.909530
695.6444447     0.835708
695.9450984     0.872722
696.1255536     0.838092
697.7517519     0.919289
698.6568371     0.868805
698.8983908     0.839606
699.0364595     0.911980
699.3558471     0.906171
699.4076541     0.912764
699.9000059     0.883731
700.4791783     0.900218
700.5137710     0.918385
701.1367305     0.916540
701.6476233     0.861903
702.3496264     0.876385
702.6965536     0.915621
702.7486065     0.871694
703.9816740     0.889993
705.0863192     0.909587
705.2778514     0.913156
714.7622296     0.918636
716.7327534     0.888553
716.7946966     0.817397
717.2727213     0.809070
717.3435671     0.827947
717.4144199     0.863654
717.7333436     0.744957
717.8396828     0.889755
717.9283109     0.919219
718.1499289     0.679758
718.4514393     0.430843
718.6377299     0.638245
718.6998371     0.801132
718.7442031     0.622387
719.1524976     0.572726
719.1880120     0.831637
719.2501671     0.890226
719.3567313     0.724183
719.3744935     0.735384
719.5077244     0.843172
719.5787902     0.897575
719.7209437     0.866549
719.7831449     0.864999
719.8453521     0.796911
720.0497828     0.725320
720.1209025     0.517876
720.3876643     0.897188
720.4321343     0.598462
720.6456285     0.546676
720.9481876     0.833350
721.1173188     0.912087
721.6516812     0.823094
721.8031552     0.917855
722.3647792     0.773048
722.7483614     0.797011
723.2214274     0.847722
723.2928610     0.608810
723.4714747     0.498750
723.6143980     0.752266
723.9807659     0.884777
724.0612131     0.655308
724.0790923     0.718255
724.3473207     0.783618
724.3741484     0.617839
724.5709201     0.795577
724.7230070     0.874979
724.8930249     0.893464
725.0183270     0.880283
725.2421335     0.708690
725.2869033     0.871307
725.3227206     0.779992
725.3764511     0.771867
725.7347521     0.870988
725.7974721     0.847316
726.0753019     0.893505
726.2008080     0.883553
726.2994343     0.888461
726.4608536     0.776430
726.5595159     0.536183
726.9722492     0.891975
727.2954217     0.567820
727.5378950     0.759244
727.7355255     0.666631
727.8074051     0.853521
727.9691583     0.914225
728.2298377     0.876394
728.7424790     0.794425
728.8144575     0.837837
729.0394356     0.621843
729.1114441     0.886913
729.2194688     0.878798
729.2644837     0.901072
729.3365142     0.903772
729.5076138     0.878067
729.9941171     0.865879
730.2104446     0.896084
730.3186323     0.752083
730.3276489     0.889391
730.4178194     0.736005
730.8778589     0.881226
730.9500484     0.789071
731.2569333     0.890938
731.5549146     0.886667
731.7265351     0.857928
731.8710890     0.814262
732.0879723     0.916276
732.3953351     0.905931
732.7390100     0.899298
733.0828470     0.901921
733.3725185     0.874942
733.5355094     0.895594
734.3963383     0.911606
734.4779422     0.912790
734.9496135     0.902760
736.3755335     0.904474
736.9212017     0.901692
738.3691796     0.916398
759.3732835     0.347089
759.4014098     0.232109
759.4482881     0.127141
759.4951694     0.202611
759.5232988     0.023991
759.5795626     0.181259
759.6264519     0.049641
759.6452088     0.100275
759.7389984     0.002517
760.0016702     0.003033
760.0485855     0.000001
760.1705794     0.000042
760.2362766     0.000000
760.3582996     0.000156
760.4427887     0.000000
760.5648456     0.000016
760.6775311     0.000000
760.7902326     0.000004
760.9311334     0.000000
761.0438728     0.000000
761.2036155     0.000001
761.3163960     0.000110
761.5043990     0.000028
761.6172235     0.013956
761.9652042     0.867463
762.0969135     0.000095
762.1815966     0.772194
762.3321668     0.001832
762.4451132     0.000144
762.5392486     0.747058
762.6522260     0.583094
762.7087217     0.000305
762.8217241     0.000000
762.9064871     0.684448
763.0195195     0.705904
763.1043045     0.000086
763.2173659     0.000000
763.3021729     0.660790
763.4152633     0.674270
763.5189452     0.000000
763.6320675     0.000000
763.7169205     0.686479
763.8300729     0.684091
763.9621051     0.000678
764.0658610     0.000145
764.1507620     0.736747
764.2639783     0.764803
764.4149594     0.001246
764.5282157     0.000063
764.6131677     0.801798
764.7170115     0.827199
764.9058554     0.002770
765.0097392     0.001202
765.0191837     0.020800
765.0852997     0.824744
765.1986540     0.867580
765.3309232     0.863308
765.4065157     0.001698
765.5199180     0.005980
765.5860770     0.867896
765.6900529     0.900446
765.8413159     0.903547
765.9358712     0.005184
766.0398941     0.056638
766.1060981     0.900205
766.4845176     0.053545
766.5886154     0.180839
766.6454020     0.919551
767.0619671     0.112116
767.1661439     0.056945
767.6588053     0.272683
767.7630631     0.200015
768.2750783     0.335734
768.3794191     0.322499
768.9203235     0.575630
769.0247532     0.591212
769.5851133     0.715993
769.6896320     0.753046
770.2694958     0.886443
770.3741085     0.853934
771.0877511     0.918935
789.3499015     0.919657
789.6033148     0.912589
790.1786708     0.908092
790.8716029     0.914182
792.0636956     0.906117
792.8659471     0.919827
795.8472456     0.909841
800.7454402     0.914763
811.3934090     0.914299
812.6866631     0.917849
813.0479391     0.876249
813.3792502     0.751721
813.4997596     0.835498
813.6504227     0.899274
813.9719295     0.897794
814.0623759     0.797310
814.1930395     0.736875
814.3739924     0.890703
814.6253822     0.882337
814.7159006     0.848159
814.8366089     0.760184
814.9271523     0.887871
814.9673964     0.818321
815.2491639     0.753043
815.3699502     0.831739
815.4605526     0.660504
815.8029177     0.617816
816.1454268     0.541541
816.1958081     0.770235
816.2361152     0.570309
816.4578400     0.500750
816.5284019     0.916932
816.8813001     0.719875
816.9418127     0.823123
817.0023293     0.500921
817.6985934     0.347674
817.7894547     0.749468
817.8500343     0.830852
817.9005206     0.747121
818.1833009     0.615078
818.6379755     0.669439
818.9311220     0.487421
819.3154037     0.610267
819.7707072     0.418172
819.9022865     0.885636
820.0035160     0.885716
820.0642595     0.822892
820.9556807     0.915878
821.2091029     0.854598
821.8074875     0.745215
822.1525179     0.820199
822.3961558     0.785173
822.5687760     0.836590
822.8023786     0.688076
822.8226951     0.471285
822.8328543     0.479575
822.8734893     0.703926
822.9750847     0.709073
823.1275024     0.495141
823.1681513     0.739922
823.3917596     0.659850
823.4629203     0.914414
823.7374548     0.871888
823.9917348     0.883124
824.3478592     0.590677
825.2745028     0.849959
825.6515674     0.525271
825.9676197     0.766775
826.3450013     0.809073
827.2023996     0.760118
827.4373178     0.533829
827.9584634     0.698062
828.2038218     0.538997
828.7970718     0.527292
828.9505672     0.784327
829.4112252     0.736248
829.4521851     0.830109
830.0360816     0.779028
830.4255739     0.837068
830.5075956     0.575054
831.1948461     0.835954
831.6259491     0.868974
831.8107760     0.712585
832.1291855     0.759208
832.1600062     0.699056
832.9720178     0.835763
833.3628887     0.904608
833.5481015     0.918937
833.9083557     0.805452
834.9178967     0.912067
835.7016470     0.868758
836.2279971     0.911572
836.7340188     0.900750
892.9064276     0.906113
893.0276947     0.906727
893.4026258     0.898050
894.0205029     0.887354
894.2302369     0.913621
894.6829879     0.877564
894.8597329     0.898651
895.2133288     0.851923
895.4343978     0.785784
895.5007287     0.731791
895.8435176     0.874815
896.2306954     0.664922
896.3524153     0.717436
896.5516272     0.681726
896.6401802     0.746110
897.1052268     0.781062
897.1606057     0.515186
897.2935286     0.899834
897.4264715     0.810832
897.6370043     0.905646
898.6571251     0.489201
898.7569820     0.385423
898.8124629     0.832934
899.0788175     0.491365
899.1676204     0.304244
899.2009234     0.625992
899.3008402     0.910688
900.0339050     0.370669
900.0783530     0.773155
900.3561985     0.642019
900.3895454     0.617807
900.6786069     0.881581
900.7119668     0.825520
900.7564467     0.694950
900.9010254     0.873831
901.1902508     0.535309
901.6576568     0.440149
901.6799208     0.222236
902.2589644     0.478663
902.5931976     0.291441
902.9387017     0.869695
903.1393782     0.687477
904.0094898     0.869169
904.2773850     0.777476
904.7463925     0.913849
905.2938757     0.654977
906.0430112     0.695041
906.2667544     0.811084
906.4010259     0.811786
906.9159200     0.380599
907.1958769     0.271842
907.4311070     0.616864
908.1259521     0.578861
908.6979167     0.335235
908.9784235     0.870793
909.0345352     0.894637
909.2477913     0.730021
909.3825057     0.773705
909.5284680     0.858608
909.8429275     0.871946
909.9777299     0.435194
910.0563735     0.735227
910.5396202     0.509360
910.6183118     0.897211
910.7419852     0.749803
910.7982059     0.906607
910.8319398     0.757365
911.5631501     0.864922
911.6869514     0.904584
911.7995128     0.680909
911.8895713     0.334402
912.4301124     0.901715
912.7793825     0.840009
912.8582681     0.766862
912.9822454     0.754907
913.0611489     0.432129
913.2415249     0.834270
913.4332138     0.829010
913.4783226     0.872595
913.6023839     0.615420
913.6587815     0.385069
913.7039013     0.714887
914.4148390     0.896226
915.0020615     0.824187
915.0811390     0.916804
915.1715224     0.862106
915.2054182     0.897109
915.2506149     0.766068
915.3184135     0.563373
915.5444470     0.675198
915.5670529     0.509760
915.6800932     0.857569
916.0079891     0.814306
916.0871545     0.845419
916.3812556     0.918658
916.7886279     0.767889
916.7999458     0.859336
916.8791793     0.906765
916.9357789     0.906536
917.2414758     0.881833
917.2867735     0.880001
917.4113516     0.426712
917.5246199     0.585908
917.6832188     0.721881
917.8531766     0.852510
918.1251736     0.886003
918.4426064     0.684806
918.4993020     0.707703
919.0210691     0.905567
919.2593654     0.800582
919.5317803     0.651513
919.5998958     0.714640
920.5540535     0.892487
920.6790755     0.912701
920.7927466     0.912277
920.8609561     0.902221
921.2816937     0.842387
921.4636942     0.771604
922.2034392     0.903633
922.4995037     0.756486
923.4794713     0.837912
923.8101594     0.839494
924.2892982     0.907554
924.4490668     0.897766
924.4833065     0.876478
924.6316921     0.766387
924.9513742     0.912351
925.1112568     0.746683
926.0368342     0.778077
926.2312084     0.901625
926.6200797     0.917989
927.8793114     0.570884
927.9709584     0.817065
928.0167850     0.774404
928.2688745     0.903762
928.4866423     0.654338
928.4981052     0.674556
928.6471366     0.712388
928.6815313     0.850518
928.9796752     0.857138
929.1287837     0.732459
929.2664423     0.908854
929.3123338     0.712196
929.4959199     0.712694
929.7713680     0.599888
929.7943258     0.752564
929.8287634     0.858952
929.8632021     0.892968
930.0354153     0.433610
930.0583800     0.669035
930.1043095     0.335663
930.3799386     0.382946
930.4603448     0.750307
930.7245879     0.807677
930.7935332     0.323531
930.8165169     0.217497
930.9429326     0.047762
931.1728241     0.632307
931.4027726     0.804743
931.5177683     0.236479
931.5867725     0.354291
931.6212762     0.118728
931.9088590     0.182422
932.0699442     0.747415
932.2540751     0.465998
932.3116235     0.142326
932.4152203     0.261877
932.4842906     0.397419
932.5303400     0.043372
932.5533658     0.143458
932.7721393     0.227117
933.0485582     0.747545
933.1522370     0.398213
933.3596276     0.014147
933.4518155     0.075696
933.5324886     0.849091
933.5555393     0.768035
933.6131677     0.490655
933.6477473     0.852546
933.7169085     0.459269
933.7745478     0.822997
933.8437190     0.318203
933.9359549     0.008274
933.9474848     0.164242
934.2588541     0.001165
934.3511311     0.087063
934.4203452     0.024620
934.5472507     0.001396
934.8357363     0.891299
935.0435018     0.666498
935.3090466     0.363659
935.3552361     0.116333
935.4245242     0.000813
935.5169171     0.711778
935.7479373     0.054489
935.7710430     0.073435
935.8634699     0.022170
936.1176898     0.708226
936.3373001     0.864963
936.4875882     0.136850
936.5107120     0.658717
936.6379014     0.024230
936.7304142     0.789106
936.9385996     0.005261
936.9964379     0.673072
937.1468320     0.000061
937.3088230     0.803865
937.4245475     0.898623
937.5287122     0.651471
937.7718071     0.012816
937.9686446     0.429959
938.1191957     0.003644
938.2118545     0.605573
938.3624435     0.798063
938.6636956     0.057975
938.6984622     0.129905
938.7795881     0.564584
939.1737280     0.587924
939.6260330     0.777777
939.9044823     0.210916
940.0089219     0.565097
940.1598009     0.455377
940.2526606     0.864089
940.3223117     0.917594
940.3687491     0.760940
940.4500190     0.805760
940.6009679     0.918796
940.6938717     0.629971
940.9029388     0.501139
941.0423429     0.035784
941.1352897     0.807076
941.1817670     0.905624
941.2631069     0.900654
941.3444548     0.759211
941.4025650     0.773485
941.7629240     0.048388
942.0768987     0.839540
942.1815802     0.145819
942.6818852     0.002981
942.8215522     0.000355
943.0660197     0.065172
943.7764996     0.031874
943.8114551     0.248814
944.0678344     0.000372
944.1144567     0.016769
944.2426788     0.547073
944.3359425     0.087525
944.4408749     0.567471
944.6041256     0.352782
944.9190479     0.646098
944.9773781     0.897073
945.0357112     0.527125
945.4091337     0.196580
945.4674948     0.166882
945.6192486     0.012431
945.7009733     0.814208
946.0045808     0.013186
946.0863386     0.530249
946.1330599     0.020643
946.4017538     0.856288
946.4835456     0.744642
946.5419727     0.590391
946.7055872     0.796450
946.7757161     0.745346
946.8692297     0.476800
946.9393706     0.106683
947.0445920     0.672154
948.0272248     0.037741
948.1676846     0.000326
948.6008988     0.731203
948.6828806     0.897786
948.7297298     0.762967
948.9874457     0.901417
949.3389882     0.295475
949.4327557     0.001091
949.6554881     0.879080
949.7375608     0.157075
949.8782735     0.859775
949.9720940     0.528534
950.0893821     0.002978
950.1714928     0.082669
950.4413334     0.869211
950.5586795     0.735536
950.6056217     0.909594
951.0751741     0.729460
951.2630600     0.782263
951.3805070     0.752545
951.4509829     0.740199
951.6271940     0.813951
951.6976878     0.011990
951.8034380     0.801713
951.9327049     0.126108
951.9444567     0.531592
952.0032207     0.841716
952.0502349     0.856765
952.2265570     0.016468
952.2383138     0.056734
952.3558818     0.809022
952.5087413     0.215168
952.6851483     0.892201
952.7557211     0.670273
952.8498255     0.223655
952.8851169     0.784668
952.9439389     0.512912
953.1674951     0.740041
953.1792629     0.805317
953.3440251     0.774137
953.5912209     0.177899
953.8267059     0.706064
954.0858054     0.358259
954.3921051     0.007173
954.4274535     0.079921
954.5806459     0.583413
954.6513586     0.837241
954.7102896     0.896379
954.8753167     0.672181
954.9932097     0.844850
955.0993268     0.877293
955.3469775     0.144011
955.3941567     0.589041
955.4413378     0.540778
955.6064909     0.606776
955.8424727     0.691976
956.2437756     0.701143
956.2791930     0.555118
956.3854521     0.435337
956.5035320     0.117435
956.6570582     0.051198
956.8933000     0.595187
957.0350724     0.811663
957.0941504     0.836690
957.1295997     0.433306
957.2832260     0.892757
957.5669078     0.865919
957.7087802     0.771897
957.9334551     0.864402
957.9807623     0.498403
958.0162436     0.516400
958.1108679     0.124669
958.1818416     0.557448
958.3592993     0.914120
958.5959610     0.808192
958.7143138     0.658000
959.0221001     0.421806
959.1286641     0.535642
959.1878720     0.699779
959.2470829     0.348487
959.4128938     0.612215
959.4721187     0.739525
959.6379676     0.875407
959.7564494     0.643599
959.7919967     0.771890
959.8867959     0.463135
959.9460508     0.906665
960.1119817     0.825829
960.3490762     0.879379
960.4557882     0.610414
960.5150771     0.208275
960.6218081     0.651917
960.7878559     0.819400
961.0013888     0.498764
961.4048581     0.767633
961.4998163     0.487517
961.5472994     0.516478
961.8084963     0.541304
962.1172754     0.300632
962.2598226     0.669483
962.4499179     0.722100
962.5330963     0.861898
962.5687466     0.754615
962.6400502     0.496067
962.8064479     0.872567
962.8658828     0.836736
963.5793827     0.719533
963.6150710     0.771803
963.6388646     0.771630
963.6864536     0.846606
963.7340437     0.300939
963.7697390     0.650653
963.8411316     0.901946
964.0196380     0.738980
964.0672451     0.704053
964.3053163     0.872650
964.4839088     0.863506
964.5196310     0.586676
964.5553553     0.277994
964.6506244     0.560720
964.8650161     0.802725
964.9484034     0.902674
965.1986084     0.887804
965.2820237     0.731064
965.4607971     0.814584
965.6157609     0.910646
965.7349805     0.739821
966.0807995     0.742662
966.2358633     0.325880
966.3312983     0.863989
966.4625376     0.601354
966.9996126     0.697905
967.0593053     0.491760
968.0388029     0.351773
968.0985597     0.897517
968.1702742     0.885522
968.6365434     0.891723
969.1867917     0.853046
969.8331329     0.873401
970.0127491     0.882642
970.1444883     0.479175
970.8873552     0.798728
971.5348311     0.505863
972.3147730     0.642132
972.4588298     0.746418
973.0593005     0.815907
973.5038876     0.627016
973.6361006     0.669363
973.6841825     0.785278
973.7202457     0.885024
973.7803544     0.914437
974.3455526     0.341994
974.9351523     0.439449
975.3805961     0.534793
975.5973712     0.915024
975.7660083     0.434933
975.8503373     0.919530
976.1877276     0.907060
976.2841464     0.708183
976.3323592     0.892108
976.5493472     0.753300
976.8628589     0.887103
977.3936456     0.841368
977.6832878     0.833985
977.9367948     0.764416
978.2386747     0.444591
978.7097926     0.842692
979.0965214     0.677511
979.3383036     0.588311
979.9430221     0.740577
980.1729126     0.620462
980.3181351     0.857221
981.3474071     0.873433
981.7715387     0.903669
982.1716019     0.905035
982.4747895     0.874376
982.5475677     0.735371
982.6446153     0.915471
983.1906817     0.843394
984.2594230     0.879730
984.3930976     0.912265
984.8914981     0.822981
987.3629088     0.894865