## valid for standards HR1544, HR7596, HR8634
## ranges containing exposed continuum
## By Claire Moutou & Eder Martioli - CFHT Oct 09, 2013
## Last update on Nov 24, 2014 by E. Martioli
## Modified by L. Malo & M. Landquist (helping blue normalization and low-mass red objects) -CFHT Feb17,2016
372.00	374.55
375.60  376.50
378.16  378.70
381.10  381.80
385.90  386.75
391.64  392.78
400.40  402.16
405.23  406.27
413.82  416.68
420.27  422.45
427.82  429.75
442.22  446.52
449.41  454.50
456.26  457.92
459.58  461.19
464.13  466.17
467.74  469.65
471.24  472.85
474.17  475.82
477.06  479.30
493.50  501.32
504.11  516.01
518.92  521.84
524.25  525.87
528.85  531.10
532.00  546.59
548.00  588.54
591.72  614.20
616.74  618.95
619.83  620.38
621.26  621.67
622.78  623.16
624.21  624.59
625.48  626.00
626.02  627.24
628.24  634.02
635.25  636.53
637.73  644.93
646.33  652.45
660.40  686.54
691.00  710.29
712.59  714.62
721.03  758.88
768.38  776.54
778.29  817.64
824.38  832.34
834.71  842.71
845.18  845.64
847.83  849.28
851.76  852.44
856.48  857.59
862.14  863.81
869.72  871.69
879.12  881.62
890.47  894.79
912.00  915.07
927.43  930.70
968.41  996.84
1020.0  1030.0
1065.0  1070.0
1078.0  1079.0